the best solution's fitness is 
124.067
the sequence of best solution is following
0 17 206 79 165 39 108 118 121 73 208 65 68 58 64 176 138 94 27 128 163 35 70 202 0
1 184 146 13 46 204 87 116 161 140 102 201 111 203 80 153 71 96 155 41 149 1
2 31 77 16 192 66 197 29 133 11 122 55 44 52 48 37 98 34 81 92 126 2
3 148 109 75 114 112 20 104 82 132 84 166 182 193 150 95 21 3
4 117 18 205 45 99 194 12 62 187 168 49 30 42 88 142 50 38 90 119 4
5 157 179 101 127 167 199 183 57 69 144 196 43 85 162 195 74 134 5
6 23 72 207 145 67 151 185 15 51 147 143 97 154 93 40 105 113 130 189 54 178 6
7 14 186 10 170 135 200 198 76 60 91 139 156 173 106 191 103 171 56 63 61 7
8 159 180 115 172 36 32 47 141 160 190 28 53 124 181 33 83 136 107 125 110 8
9 131 25 120 129 174 78 177 19 89 169 188 100 22 26 209 164 175 137 152 86 123 59 24 158 9

the actual costs is 124.067
