the best solution's fitness is 
311.737
the sequence of best solution is following
0 44 179 46 89 137 25 115 53 20 74 42 83 12 476 178 113 14 166 432 424 90 26 489 71 119 201 163 7 91 4 102 147 66 172 169 88 151 472 186 168 447 406 440 487 434 94 150 138 200 3 39 17 125 60 158 93 181 142 500 170 162 459 430 35 65 144 173 480 423 437 114 63 475 106 129 164 134 139 148 78 28 185 197 176 149 111 79 81 87 16 80 167 37 159 130 174 105 0
1 61 70 36 165 109 196 59 198 175 184 21 97 132 190 108 191 180 117 410 183 418 140 441 490 54 427 433 496 469 491 467 501 452 435 422 439 429 417 407 436 85 485 107 483 498 110 82 96 121 52 141 68 171 8 495 464 5 460 120 182 45 48 128 192 127 133 126 19 11 155 18 153 1
1 408 146 30 33 157 99 124 86 461 76 104 58 188 103 161 411 116 9 156 177 49 75 41 56 43 34 415 187 143 23 486 55 72 98 458 456 462 499 404 403 443 471 412 457 64 492 451 160 194 145 29 92 425 428 73 136 454 488 444 51 477 154 22 123 131 84 152 47 57 189 15 413 193 199 27 202 421 77 67 50 24 118 6 122 135 40 62 101 32 38 195 112 10 1
2 214 301 376 242 264 333 269 279 247 391 321 312 260 297 349 230 347 226 357 271 216 323 290 365 390 419 494 340 286 306 405 234 393 203 395 231 373 326 392 244 327 385 399 207 238 227 237 233 295 371 375 342 329 446 254 69 208 450 426 420 275 359 350 276 253 270 479 210 482 344 484 478 463 289 353 277 438 416 465 453 481 445 257 336 341 261 251 298 296 364 335 474 268 314 332 243 265 294 250 322 348 205 266 310 370 278 378 282 218 2
2 222 354 241 389 470 401 235 396 274 379 352 259 311 493 358 212 381 239 307 252 223 362 372 368 283 313 366 255 337 224 346 369 502 367 455 280 299 281 319 246 328 343 320 317 248 215 431 414 449 304 409 351 468 339 386 293 448 497 236 394 318 211 374 284 220 397 100 13 442 232 31 398 219 316 300 361 466 303 95 400 383 217 334 272 388 256 345 356 213 229 209 221 315 384 382 325 292 331 288 273 240 287 302 267 204 360 305 380 309 291 249 228 258 206 363 387 355 338 402 377 245 263 324 225 262 285 473 330 308 2

the actual costs is 311.737
