the best solution's fitness is 
230.821
the sequence of best solution is following
0 27 34 168 140 123 51 5 164 182 189 158 199 122 151 93 167 118 120 98 130 126 30 13 12 166 24 201 87 101 117 96 10 163 144 38 121 106 0
1 19 47 133 28 161 14 59 153 202 170 75 95 74 179 11 197 143 109 43 169 29 8 190 73 36 173 53 71 152 145 135 90 178 110 79 68 37 131 128 88 31 184 54 1
2 198 154 162 81 60 177 125 45 193 188 69 134 99 108 113 61 191 77 155 192 66 119 200 57 89 104 147 16 50 84 67 146 97 94 129 63 64 2
3 52 141 42 132 136 78 116 83 46 17 203 150 160 165 22 196 23 18 180 100 32 148 127 174 70 58 156 195 91 139 149 72 56 157 186 85 39 204 92 185 3
4 142 55 80 15 26 65 86 103 115 49 176 35 137 138 9 194 62 171 20 172 25 183 76 40 107 82 111 41 21 48 187 105 114 102 181 6 175 159 7 33 44 112 124 4

the actual costs is 230.821
