the best solution's fitness is 
128.349
the sequence of best solution is following
0 55 124 95 320 239 309 64 156 104 144 237 308 60 190 313 85 303 314 33 251 65 360 49 199 86 324 0
1 380 396 114 238 295 296 89 263 306 378 330 333 113 62 225 177 99 202 83 56 10 59 393 25 16 103 362 228 250 349 247 245 169 1
2 136 135 175 68 47 121 334 150 327 101 249 188 385 388 88 194 167 248 257 282 243 224 130 129 240 226 2
3 116 149 73 91 379 54 115 389 297 92 166 318 11 126 209 364 403 242 21 293 222 398 98 87 399 307 137 46 255 162 216 298 3
4 275 229 14 368 382 210 235 305 374 146 289 280 292 108 357 241 397 205 261 260 342 246 392 273 304 45 336 52 274 373 112 277 4
5 67 71 185 90 28 159 341 221 42 196 266 356 110 134 195 366 299 322 172 154 40 291 133 376 301 340 344 217 394 335 290 351 15 219 151 32 206 315 276 272 288 145 69 321 186 233 271 22 160 352 57 267 343 200 405 252 132 122 161 371 270 383 329 139 300 355 97 384 256 120 323 5
6 105 231 317 153 278 179 212 78 44 131 283 402 265 408 80 350 189 51 163 310 148 23 367 214 223 147 29 171 391 302 285 287 331 6
7 12 30 193 61 253 213 102 157 347 76 346 72 27 70 75 377 48 31 141 211 381 325 17 284 118 41 84 230 7
8 107 400 176 262 390 63 178 187 358 152 39 365 128 138 192 37 338 181 164 345 279 264 208 82 183 312 50 165 204 191 236 94 348 359 168 142 316 328 20 184 269 43 93 155 353 8
9 77 339 38 401 197 143 407 369 268 404 286 406 24 66 13 81 337 109 180 100 281 96 375 234 361 18 258 372 19 311 35 111 127 218 174 158 53 332 232 227 207 326 395 259 354 117 294 123 26 387 319 58 203 220 170 34 79 370 173 182 386 74 254 125 140 215 119 363 36 409 201 106 244 198 9

the actual costs is 128.349
