the best solution's fitness is 
106.189
the sequence of best solution is following
0 56 175 90 46 185 0
1 89 176 93 150 152 54 98 75 129 116 39 21 82 44 1
2 13 163 135 94 59 34 189 88 96 72 19 193 113 122 79 40 198 15 140 18 130 168 81 153 162 64 49 204 27 123 69 109 52 2
3 183 191 108 164 31 166 133 105 155 167 48 30 50 146 192 158 43 3
4 58 156 120 201 91 107 63 84 101 45 197 99 85 20 165 154 57 206 121 177 207 4
5 115 37 126 195 61 17 182 190 10 119 74 208 151 41 187 110 86 87 53 32 23 147 145 95 137 97 111 73 174 131 157 24 194 180 148 117 200 161 199 160 28 132 127 5
6 16 205 112 184 42 138 76 139 104 169 38 77 33 67 128 78 6
7 14 124 102 202 29 114 26 68 159 7
8 66 178 136 51 36 142 80 186 100 35 172 83 125 181 106 144 11 25 8
9 209 60 171 103 196 203 188 12 170 22 179 173 71 70 47 65 143 149 141 62 118 134 92 55 9

the actual costs is 106.189
