the best solution's fitness is 
92.8197
the sequence of best solution is following
0 176 211 189 208 190 199 184 214 207 0
1 39 104 133 76 164 15 56 140 83 49 142 51 143 66 132 19 1
2 123 32 43 122 37 110 161 102 86 20 157 31 138 151 80 96 84 62 155 79 72 128 139 81 92 95 33 126 116 36 118 105 141 2
3 173 170 192 182 167 168 198 194 169 172 186 174 205 185 191 181 197 3
4 203 210 187 209 4
5 113 24 115 23 68 85 52 146 120 38 26 152 94 149 148 163 100 42 25 136 127 121 88 107 5
6 29 50 117 137 156 144 27 75 103 111 125 98 135 108 65 67 59 97 159 114 87 74 40 82 41 28 130 6
7 178 171 165 201 196 7
8 54 131 57 30 129 58 162 91 45 78 153 63 124 90 22 69 101 89 134 119 18 109 150 60 8
9 64 53 34 35 106 46 112 147 145 99 73 71 55 48 9
10 200 202 175 204 188 195 166 206 10
11 183 213 11
12 44 47 77 16 61 93 17 158 21 70 154 160 12
13 180 177 212 179 13
14 193 14

the actual costs is 92.8197
