the best solution's fitness is 
78.7955
the sequence of best solution is following
0 378 348 285 252 231 187 181 164 177 235 199 232 194 0
1 160 225 186 216 260 251 179 204 240 261 148 249 219 229 224 191 165 245 182 230 213 223 253 1
2 487 491 485 449 482 444 2
3 128 98 88 105 57 40 120 131 73 80 95 51 31 114 30 101 138 34 43 68 71 65 137 140 81 108 49 90 102 3
4 410 436 466 510 501 429 490 454 494 433 461 453 447 442 511 398 499 469 479 474 475 4
5 25 53 48 143 36 109 132 142 139 93 144 28 46 84 21 45 111 22 5
6 82 106 127 62 55 85 122 33 113 63 75 89 123 24 32 121 29 125 27 96 37 70 26 141 50 117 92 83 103 133 130 134 56 39 52 6
7 401 492 458 467 414 431 427 457 481 502 437 509 430 460 497 450 464 498 438 488 408 505 402 471 459 412 445 421 396 420 403 519 468 514 7
8 169 201 257 234 170 146 153 171 195 162 221 152 250 154 149 192 197 203 211 183 244 200 214 248 188 238 158 255 258 228 208 242 266 151 269 218 264 267 145 167 8
9 288 291 270 392 389 343 394 276 346 334 293 351 301 282 281 364 280 371 279 375 277 391 300 309 310 366 360 324 357 319 362 9
10 387 361 390 331 358 299 340 352 272 275 303 298 286 393 294 347 297 327 314 337 292 326 382 359 295 278 296 320 287 271 321 315 10
11 237 241 185 184 207 210 247 180 259 217 175 163 166 212 189 222 172 202 11
12 136 23 124 94 104 129 118 66 99 100 35 61 91 135 126 54 115 79 58 119 86 78 72 67 12
13 77 112 69 107 74 110 116 59 60 38 41 20 76 42 87 64 44 97 47 13
14 308 395 517 516 425 434 435 413 416 452 369 14
15 147 150 178 173 161 268 233 206 265 236 262 190 196 193 168 159 263 209 246 239 155 226 156 157 176 220 254 243 205 198 256 174 215 227 15
16 304 397 400 428 423 411 518 484 507 451 417 462 439 419 472 422 329 365 16
17 477 503 473 463 480 432 495 506 448 455 415 441 504 493 470 426 407 399 508 478 500 404 496 405 489 406 476 513 409 418 443 446 440 512 486 515 456 483 424 465 17
18 284 318 330 323 381 370 307 355 338 350 311 341 385 376 336 328 322 317 386 273 374 344 354 349 316 290 368 379 345 388 18
19 367 342 333 353 383 380 274 339 373 325 313 363 283 372 335 305 384 306 289 302 312 332 356 377 19

the actual costs is 78.7955
