the best solution's fitness is 
99.9278
the sequence of best solution is following
0 51 77 42 34 135 132 148 50 96 29 82 97 52 5 139 9 143 12 66 0
0 111 19 76 138 126 127 40 113 18 0
1 28 85 121 60 24 43 54 30 119 91 133 31 90 105 8 142 22 1
1 88 69 117 68 78 53 64 23 6 74 98 125 13 14 16 1
2 44 58 36 124 136 152 108 84 114 20 32 103 129 99 61 55 49 149 106 150 38 72 118 80 15 10 81 71 2
2 104 137 57 94 73 102 147 115 39 7 134 2
3 92 154 112 3
3 153 122 79 146 116 26 151 3
4 37 11 130 56 87 62 93 33 109 47 48 107 140 59 123 145 101 45 83 63 46 110 89 65 128 141 4
4 95 144 120 100 86 41 25 27 35 131 17 67 70 21 75 4

the actual costs is 99.9278
