the best solution's fitness is 
135.947
the sequence of best solution is following
0 6 24 247 64 236 283 274 372 286 102 351 235 391 199 328 300 144 321 21 207 287 96 243 0
0 185 80 312 193 310 43 160 86 177 291 306 44 393 231 138 403 357 119 380 73 28 214 197 0
0 216 187 55 15 69 397 314 358 324 120 327 233 88 303 342 353 371 42 140 135 25 230 35 0
1 349 294 133 221 226 90 369 242 251 237 210 297 307 79 234 40 249 156 292 62 169 110 32 359 275 146 352 94 181 36 215 335 179 84 22 153 323 365 250 155 116 65 246 399 174 172 33 129 130 59 220 143 67 85 245 27 308 184 131 301 238 192 333 252 12 228 355 326 91 1
1 378 320 152 29 305 134 209 195 100 302 354 398 280 178 400 263 18 60 384 7 256 337 170 394 101 347 217 149 346 356 222 265 16 154 51 261 317 114 227 61 126 194 75 331 103 57 395 191 137 401 363 262 373 48 109 383 76 54 276 81 71 366 13 47 201 182 1
1 389 161 113 92 98 159 136 147 322 14 272 37 87 208 97 173 206 72 241 244 343 141 38 125 277 361 10 19 99 311 225 229 171 219 318 56 299 107 162 5 58 198 150 30 248 68 105 348 1
2 52 164 382 82 364 368 176 167 392 205 375 319 11 278 112 2
2 340 218 66 124 123 95 70 2
2 381 379 288 111 253 121 212 168 188 117 313 20 2
3 122 260 350 104 345 9 213 268 362 8 344 142 387 402 259 396 239 163 17 374 49 78 183 224 45 304 108 271 106 232 145 200 309 270 266 282 190 3
3 202 41 115 254 336 89 255 385 34 240 296 83 257 386 267 203 325 281 279 93 118 298 196 370 211 165 388 329 284 360 189 128 132 3
3 341 377 264 139 63 180 315 151 26 23 367 289 157 223 269 390 53 74 4 50 204 77 376 39 46 330 295 334 338 290 127 285 148 166 316 293 258 273 339 158 175 332 31 186 3

the actual costs is 135.947
