the best solution's fitness is 
149.556
the sequence of best solution is following
0 171 123 151 132 134 193 164 143 177 186 142 138 188 157 153 154 178 202 113 146 108 195 103 147 163 200 180 115 184 109 150 111 117 130 145 135 173 136 116 172 197 170 158 183 187 159 190 110 137 152 119 199 114 118 182 149 166 0
0 201 155 104 192 189 169 125 148 126 194 129 141 120 165 175 128 127 198 196 185 122 133 112 161 176 121 105 140 160 181 156 191 106 168 107 174 124 167 139 144 0
1 49 42 45 91 26 94 72 47 67 3 6 41 88 20 11 14 52 93 48 46 100 39 71 60 38 64 36 8 82 51 40 15 84 59 34 31 78 30 73 33 27 66 96 86 98 1
1 97 44 25 77 101 53 81 58 21 16 5 83 61 28 17 95 35 32 12 29 18 62 1
2 76 4 92 70 24 99 102 79 54 22 87 7 23 10 50 2
2 162 131 179 37 13 19 57 69 89 9 75 85 55 56 43 65 80 74 63 68 90 2

the actual costs is 149.556
