the best solution's fitness is 
314.451
the sequence of best solution is following
0 41 304 95 191 97 78 387 157 280 3 441 133 334 148 350 252 353 434 153 407 218 300 412 286 359 188 291 402 48 195 357 98 45 229 214 186 213 432 341 431 228 171 404 320 384 303 138 272 54 285 235 142 351 53 310 5 58 164 373 168 108 324 67 219 389 398 206 76 86 56 309 197 204 205 216 209 293 273 232 167 169 254 87 364 385 260 217 201 249 245 57 422 440 92 443 199 111 225 312 371 345 27 8 436 417 375 2 450 81 344 238 308 379 299 347 17 377 127 91 68 372 175 298 257 121 124 246 386 224 326 6 263 317 196 406 44 82 152 301 20 170 284 208 151 72 395 104 160 342 278 46 11 448 307 414 33 7 74 62 302 211 328 253 425 368 237 0
0 418 382 105 438 306 9 80 233 348 276 331 336 447 182 277 274 288 69 50 184 315 424 100 370 355 189 185 123 376 394 71 147 354 60 243 383 146 42 110 114 339 332 262 392 433 279 128 287 35 444 251 181 411 34 435 64 338 51 380 321 283 79 119 93 397 96 112 52 212 129 227 361 313 297 349 26 281 282 159 143 137 166 102 10 239 248 267 179 437 275 29 12 156 158 88 451 77 327 0
1 49 59 85 16 290 325 428 190 369 109 367 322 220 294 172 259 236 155 399 139 222 22 413 256 149 103 330 390 340 439 244 134 136 28 65 231 89 292 352 161 408 21 13 126 429 265 203 230 19 1
1 140 118 442 144 427 337 66 99 61 210 430 311 145 400 415 316 242 423 363 40 221 268 176 193 202 289 266 445 135 178 23 75 401 360 421 115 403 55 117 391 84 240 39 343 329 90 319 200 446 393 358 25 241 187 101 374 174 250 1
1 183 305 180 271 346 38 14 32 43 247 113 269 296 162 31 381 335 264 198 150 83 215 131 141 362 405 333 107 356 165 365 125 207 106 116 255 15 258 223 18 24 226 323 130 73 396 4 416 314 47 270 366 37 192 36 261 449 70 234 30 420 378 122 194 154 132 173 163 94 388 409 63 318 120 295 419 410 177 426 1

the actual costs is 314.451
