the best solution's fitness is 
142.355
the sequence of best solution is following
0 62 114 27 358 323 371 54 259 96 335 93 158 188 173 46 301 247 199 34 221 263 197 361 186 52 104 115 151 204 190 324 270 71 253 380 10 375 284 239 67 184 40 274 393 97 258 294 315 196 194 313 0
0 339 36 121 60 6 305 22 304 73 172 327 271 101 241 397 226 230 35 187 351 318 272 85 37 112 11 234 83 165 122 138 86 367 146 212 346 92 308 290 162 144 356 103 53 376 231 57 362 150 332 98 55 394 341 70 257 15 106 387 347 244 390 383 232 293 365 366 273 139 218 175 166 145 105 329 229 364 378 0
0 345 20 382 352 13 131 181 296 381 17 238 32 148 59 143 298 368 129 163 386 396 243 299 100 91 338 267 168 280 155 29 177 45 372 174 169 333 302 136 94 58 102 43 303 246 330 237 369 357 88 31 388 0
1 4 74 21 401 340 108 176 134 80 56 18 161 14 283 77 279 125 354 200 133 336 306 288 353 25 24 278 76 38 41 117 109 266 392 111 171 1
1 343 116 250 216 82 384 297 206 63 9 395 322 113 252 215 185 124 208 240 28 48 225 170 287 307 79 126 110 276 152 8 180 402 119 281 154 1
2 64 160 403 128 249 300 350 360 191 147 385 268 400 219 275 398 30 291 235 179 331 137 69 355 370 19 39 261 182 142 47 255 50 61 5 118 33 319 99 289 256 325 348 379 217 269 260 312 178 317 233 72 209 262 167 164 44 205 203 81 141 153 285 211 2
2 66 282 127 193 107 207 198 342 286 373 210 326 23 192 123 49 159 236 135 391 334 68 78 16 399 149 337 320 374 26 222 310 183 316 254 51 189 84 90 245 130 389 201 195 344 321 228 363 292 223 140 220 349 328 309 132 65 89 2
3 224 214 156 359 277 87 242 311 227 295 202 95 157 12 251 248 314 120 42 377 7 213 75 265 264 3

the actual costs is 142.355
