the best solution's fitness is 
117.681
the sequence of best solution is following
0 119 61 136 87 20 137 129 122 133 102 97 140 0
1 127 123 118 112 77 80 94 109 23 115 131 17 68 125 65 45 34 1
2 18 107 38 120 44 62 121 135 47 153 2
3 53 89 155 81 33 147 58 32 39 85 128 95 59 3
4 31 76 72 50 105 14 43 141 91 54 41 78 139 10 46 143 4
5 52 70 66 150 16 98 151 13 48 64 51 84 60 69 159 134 75 138 146 27 37 5
6 124 145 156 100 22 96 24 88 149 36 19 29 113 130 74 56 154 6
7 57 15 104 79 114 110 90 67 11 111 71 142 7
8 101 26 55 117 93 152 92 25 158 86 148 157 35 12 49 8
9 40 63 132 144 116 106 126 108 83 73 99 103 30 21 28 42 82 9

the actual costs is 117.681
