the best solution's fitness is 
125.585
the sequence of best solution is following
0 194 45 80 30 130 117 160 187 12 124 147 90 146 156 122 127 17 153 0
1 195 82 48 70 128 141 86 161 35 185 15 101 168 53 39 22 1
2 184 50 119 68 202 99 205 114 10 131 77 159 54 180 179 171 62 44 113 20 84 31 134 2
3 88 32 162 76 126 111 175 37 21 148 103 120 110 3
4 60 167 190 136 203 100 42 174 93 46 183 18 83 11 95 105 138 133 56 4
5 143 85 129 74 178 87 14 132 115 24 61 43 109 151 182 91 163 165 75 23 79 104 193 5
6 73 121 92 173 51 78 107 71 96 201 207 58 57 172 41 27 52 152 112 170 81 6
7 67 200 189 196 47 36 59 123 137 66 197 198 13 192 97 72 158 164 177 94 169 154 7
8 38 40 206 25 191 176 65 208 209 106 33 135 157 69 166 64 28 181 26 149 34 98 19 49 139 16 145 8
9 89 29 142 125 116 108 155 144 118 63 102 55 150 186 199 140 188 204 9

the actual costs is 125.585
