the best solution's fitness is 
90.7872
the sequence of best solution is following
0 201 33 28 122 156 202 30 183 66 165 48 35 143 163 93 0
1 149 73 205 151 49 60 141 139 213 54 170 177 197 100 19 160 195 200 78 1
2 158 15 188 161 97 180 204 82 67 162 80 55 124 68 2
3 133 153 117 39 206 174 168 85 159 53 65 3
4 179 157 172 74 150 17 121 182 146 83 198 76 210 140 25 4
5 209 203 102 87 16 18 178 126 191 169 58 118 104 130 5
6 36 115 167 37 207 137 62 132 92 57 38 59 69 6
7 123 20 22 147 212 21 185 208 31 90 154 135 125 120 7
8 136 211 27 190 47 72 105 214 8
9 107 23 77 89 52 155 145 194 192 181 144 119 24 51 99 26 43 138 79 9
10 176 116 64 127 91 95 114 86 189 10
11 29 61 113 50 75 103 41 196 34 96 98 42 11
12 45 134 110 131 84 164 40 94 101 186 12
13 129 112 128 148 71 63 81 171 46 184 166 111 108 193 44 70 13
14 109 88 187 142 199 173 32 106 56 152 175 14

the actual costs is 90.7872
