the best solution's fitness is 
96.0678
the sequence of best solution is following
0 113 442 329 454 54 116 324 372 86 214 445 150 503 349 308 140 154 447 517 196 292 149 155 0
1 105 420 147 365 22 338 30 376 306 192 238 421 448 337 507 479 256 66 401 153 455 283 23 79 319 73 104 94 1
2 351 350 234 227 193 237 346 453 320 300 48 182 262 296 472 321 95 255 325 45 146 475 499 46 2
3 39 61 245 468 265 347 342 228 176 267 187 477 184 469 362 152 199 474 252 219 68 232 303 200 392 411 515 112 437 3
4 476 202 412 427 464 269 268 117 82 231 513 110 258 396 288 247 225 58 478 270 126 4
5 260 391 497 426 334 90 137 87 397 305 250 161 294 124 452 160 216 65 74 370 345 402 43 327 201 119 123 128 259 141 5
6 485 488 311 164 494 344 511 516 218 103 203 253 241 340 431 382 72 298 29 6
7 89 336 166 315 56 158 374 134 390 316 213 399 359 394 395 414 180 111 233 450 249 383 27 7
8 443 385 514 109 35 465 439 57 244 291 78 181 235 331 501 398 519 264 221 440 49 209 194 446 481 333 428 142 8
9 257 461 339 229 456 198 120 361 297 236 369 171 505 273 188 127 486 44 490 295 436 133 208 207 405 277 9
10 429 409 467 85 322 471 162 483 42 473 223 377 317 309 314 240 21 191 106 335 60 423 189 167 449 463 487 330 10
11 360 310 451 26 281 211 378 312 484 222 64 175 178 434 387 96 313 489 293 363 132 130 251 11
12 168 31 34 81 508 138 239 326 386 299 131 80 393 438 287 271 92 69 148 51 28 343 366 12
13 195 389 139 357 458 129 424 279 88 174 84 307 368 62 304 274 24 417 254 172 284 290 413 13
14 352 502 410 99 422 510 226 37 67 282 435 289 179 163 145 408 169 115 50 156 418 482 91 14
15 98 212 261 470 419 186 165 380 506 224 444 509 466 355 173 143 33 416 159 512 102 495 348 59 400 15
16 107 136 373 367 280 242 47 190 204 356 114 157 77 407 210 243 493 118 403 101 52 272 353 425 70 36 144 32 16
17 441 498 83 460 364 151 170 341 500 318 97 215 75 278 205 55 177 379 125 38 301 76 266 17
18 496 230 415 430 459 41 404 323 285 53 121 371 135 71 286 276 406 491 246 217 381 108 504 492 18
19 206 462 354 20 457 518 197 332 388 432 25 220 122 328 100 358 263 185 480 384 63 302 433 275 40 183 248 375 93 19

the actual costs is 96.0678
