the best solution's fitness is 
245.165
the sequence of best solution is following
0 112 25 35 57 87 214 97 202 115 206 163 242 90 55 74 64 218 111 154 221 239 223 253 138 241 225 85 191 32 21 199 155 80 176 209 93 217 244 71 208 12 142 94 148 135 46 132 227 45 50 60 173 0
1 146 205 113 238 31 47 30 5 145 14 122 17 16 61 43 28 210 226 24 141 69 77 247 98 106 193 65 187 41 68 56 33 29 52 192 83 237 235 110 63 212 252 251 184 224 102 51 67 88 1
2 40 203 134 165 182 53 54 129 27 207 86 128 250 91 204 120 219 211 196 189 92 114 23 19 177 48 162 79 229 130 75 89 8 195 99 136 172 13 126 70 158 171 230 6 157 249 22 118 2
3 233 82 76 133 167 151 100 164 152 105 228 180 20 119 34 215 153 144 73 58 15 150 194 156 123 179 127 178 248 103 38 245 59 7 232 116 131 44 174 10 125 26 36 169 240 109 190 137 220 81 49 66 37 3
4 107 11 246 236 216 200 78 175 222 139 72 39 96 95 140 170 188 117 186 104 42 62 147 168 198 124 18 231 160 159 197 201 143 101 9 183 181 213 121 185 108 84 254 243 149 234 166 161 4

the actual costs is 245.165
