the best solution's fitness is 
195.992
the sequence of best solution is following
0 140 19 188 288 307 393 180 300 85 357 50 245 345 122 80 201 55 211 304 131 99 13 352 404 365 27 268 401 21 321 359 184 156 297 150 349 118 223 67 239 57 332 218 243 317 383 381 276 66 37 124 371 163 138 9 187 39 257 256 196 274 0
1 326 336 279 248 250 48 302 362 86 119 262 203 298 221 403 366 291 296 320 342 240 20 157 70 49 266 181 71 315 89 390 29 78 182 197 93 343 47 235 242 367 104 360 251 63 272 8 165 11 380 293 207 179 386 12 1
2 142 101 397 340 194 158 338 176 402 394 310 295 30 164 177 318 354 112 220 273 259 40 56 10 358 258 195 38 64 294 168 368 146 161 398 324 229 392 347 407 94 205 127 75 102 17 384 109 175 227 2
3 23 330 287 373 341 249 76 363 120 204 32 405 267 24 356 59 25 135 364 213 216 198 263 215 137 147 237 246 77 214 173 185 68 388 346 14 327 144 277 172 208 51 171 73 3
4 275 189 329 311 136 105 370 344 353 36 406 42 74 28 312 212 385 325 191 87 322 123 162 333 91 232 280 328 151 334 90 202 335 252 183 178 289 192 18 369 233 145 281 153 400 81 375 286 4
5 224 376 361 255 292 350 61 261 79 382 53 170 269 209 337 62 374 132 130 355 154 34 278 306 253 41 82 282 107 372 22 15 264 186 133 339 323 92 60 152 399 316 149 143 148 228 5
6 110 238 58 378 210 219 114 116 226 308 121 167 106 260 285 166 290 309 159 305 83 217 16 95 271 395 115 230 97 141 301 254 265 247 351 113 313 45 314 117 234 88 299 108 193 103 54 284 190 69 6
7 128 160 225 303 96 389 65 52 331 348 244 319 236 98 283 231 377 155 129 46 200 33 134 206 126 35 26 270 44 43 387 169 31 222 379 391 396 174 72 111 84 199 125 100 241 139 7

the actual costs is 195.992
