the best solution's fitness is 
230.69
the sequence of best solution is following
0 138 7 274 290 239 177 216 279 31 72 207 211 193 102 259 35 203 237 240 13 114 226 195 286 248 262 228 51 234 122 173 300 158 176 264 303 71 60 52 280 157 192 170 289 113 269 118 258 96 40 64 129 26 111 197 0
1 198 229 199 78 83 43 49 112 236 283 231 136 120 235 25 77 142 140 107 265 233 117 12 224 218 10 33 247 238 121 263 294 45 103 146 81 14 61 214 196 126 221 127 109 88 186 298 1
2 19 205 153 160 296 145 206 187 46 172 267 171 252 291 11 123 154 69 100 137 301 249 304 215 28 174 16 24 243 232 178 273 115 260 295 8 32 270 200 6 246 148 164 54 56 179 47 38 9 225 79 181 144 74 29 68 202 2
3 85 184 194 55 156 90 305 67 149 272 254 175 42 21 76 139 63 86 302 130 182 285 271 250 278 256 242 151 104 152 101 212 110 18 277 34 185 27 168 53 167 108 288 37 253 48 91 230 23 141 116 135 244 3
4 128 95 161 132 268 98 65 227 59 41 191 217 219 190 189 213 73 209 131 266 261 134 162 297 223 281 62 44 210 57 87 220 245 84 20 50 166 94 188 30 284 75 99 163 4
5 208 204 150 169 257 36 159 180 292 125 201 222 251 293 183 89 165 282 275 119 15 155 22 92 105 17 70 58 255 133 66 39 299 143 80 93 241 287 106 147 82 124 276 97 5

the actual costs is 230.69
