the best solution's fitness is 
285.22
the sequence of best solution is following
0 231 77 151 152 175 232 123 158 179 244 11 219 56 239 195 72 213 23 60 162 251 78 145 30 191 165 159 113 139 101 82 42 110 63 58 81 53 8 228 76 190 28 178 47 143 137 85 157 119 16 40 126 185 55 127 241 115 0
0 221 184 7 240 68 70 174 211 49 93 69 188 186 66 45 225 245 103 203 10 218 206 224 106 29 17 83 4 124 136 67 217 234 141 173 229 41 105 154 148 160 161 140 237 84 197 166 0
1 198 37 100 52 200 121 147 31 130 94 144 150 196 235 2 117 138 222 247 92 153 57 205 97 183 51 62 50 14 128 18 80 86 89 15 34 215 125 132 36 233 108 243 74 202 248 111 1
1 201 204 170 46 246 95 112 19 238 189 192 223 182 38 134 87 54 96 156 212 163 102 169 242 177 114 79 226 104 146 22 207 181 210 44 142 187 6 164 236 172 75 129 250 171 1
1 249 27 39 20 61 26 149 118 32 88 65 230 48 25 59 133 35 24 135 208 193 116 71 199 155 168 5 43 227 167 98 13 107 91 90 64 12 131 122 176 120 109 99 194 73 180 33 214 220 21 216 3 9 209 1

the actual costs is 285.22
