the best solution's fitness is 
348.377
the sequence of best solution is following
0 240 244 242 112 216 338 36 236 156 457 11 471 92 447 113 241 145 198 82 272 424 184 173 118 438 463 296 228 111 214 129 342 85 67 470 144 238 498 382 110 502 21 441 146 63 174 331 130 257 468 60 407 368 175 279 307 495 231 248 105 329 393 237 437 165 73 274 181 364 172 317 93 5 89 250 337 195 453 343 465 208 186 328 249 486 14 394 164 50 403 18 4 98 291 369 442 265 483 166 350 0
1 104 210 433 54 203 127 10 135 484 150 103 354 147 439 355 286 151 284 223 285 467 189 109 101 123 472 340 458 213 53 282 271 300 312 179 377 229 227 411 493 196 258 320 115 392 269 410 395 451 218 303 459 107 177 313 344 487 352 230 193 388 374 48 452 432 414 6 378 391 136 119 474 365 205 491 319 201 87 187 15 381 138 289 99 363 59 64 357 499 225 239 480 1
1 262 305 325 293 276 215 356 234 497 297 314 154 9 152 334 134 372 449 75 197 70 29 76 310 33 353 426 256 261 148 162 330 490 17 232 428 318 400 20 469 219 323 359 114 167 77 211 419 143 88 500 266 137 43 298 362 346 100 326 420 8 102 62 418 149 348 440 306 79 24 191 327 454 7 431 409 384 190 460 358 321 95 406 301 159 380 125 401 128 462 131 390 448 430 429 427 124 277 35 158 49 170 1
2 220 408 246 292 155 311 253 501 316 386 425 26 233 66 333 84 217 436 16 416 41 108 96 206 168 351 283 221 254 371 404 142 27 302 235 345 39 116 435 294 464 349 482 46 117 387 183 141 415 56 200 259 30 281 58 132 171 32 280 413 485 494 126 423 479 373 488 336 496 309 192 52 188 476 443 255 38 65 478 194 182 45 379 12 106 376 81 40 405 245 224 57 25 461 161 120 44 222 78 370 22 202 209 2
2 252 263 71 204 207 139 13 31 308 83 133 121 180 475 267 28 322 455 163 492 19 69 34 140 315 55 361 153 264 473 304 383 243 270 398 434 51 389 366 456 347 160 251 273 396 176 178 80 477 385 275 397 332 375 450 42 86 445 226 61 91 68 290 295 341 122 268 247 481 37 287 444 417 412 94 72 3 288 335 157 489 260 90 367 446 299 169 324 23 278 422 360 74 399 97 466 47 421 212 402 339 199 185 2

the actual costs is 348.377
