the best solution's fitness is 
132.937
the sequence of best solution is following
0 177 237 214 293 109 53 241 146 193 104 156 169 205 57 212 340 182 246 106 170 43 184 194 100 128 52 162 48 5 244 0
0 92 84 174 327 110 249 260 117 0
0 321 139 108 300 157 286 270 216 61 247 133 114 45 248 288 347 238 218 303 31 127 258 314 66 22 122 140 25 152 154 229 322 113 149 338 274 150 209 70 165 183 0
1 121 210 33 81 222 35 101 295 142 287 306 1
1 60 277 269 107 46 147 82 311 226 207 334 223 126 18 224 175 275 39 199 13 105 159 12 273 259 197 220 1
1 203 349 191 173 68 328 181 28 200 231 74 96 304 234 263 262 73 89 137 9 179 50 125 208 167 195 1
2 91 256 72 250 83 164 337 345 312 323 185 54 163 26 29 217 64 37 245 308 90 313 225 86 190 316 93 344 24 228 71 135 232 320 342 346 145 158 201 236 326 315 141 99 132 34 267 98 198 318 330 271 227 279 257 353 350 95 130 42 188 138 272 30 240 204 55 144 166 44 319 309 329 253 235 2
2 215 143 14 20 266 38 134 296 120 302 343 290 172 129 97 192 178 116 294 115 276 67 291 283 187 10 59 21 186 168 211 325 331 305 17 111 118 2
2 40 151 335 317 233 58 124 16 281 264 51 65 63 341 160 69 119 88 2
3 202 19 351 75 280 15 41 298 189 11 102 292 85 153 254 251 324 289 284 103 352 7 255 36 243 252 299 155 161 3
3 265 23 80 112 301 180 268 62 339 213 310 123 307 3
3 336 76 77 278 94 78 285 47 354 221 32 56 239 8 332 6 3
4 242 171 27 148 4
4 136 87 219 206 131 4
4 348 297 176 282 230 333 79 196 49 261 4

the actual costs is 132.937
