the best solution's fitness is 
195.788
the sequence of best solution is following
0 128 227 56 237 189 207 177 39 107 209 28 191 200 103 89 106 41 179 5 6 62 109 233 90 184 176 138 25 225 197 158 98 8 116 213 95 81 94 172 14 223 134 201 31 30 0
1 221 167 77 238 144 11 219 99 38 143 204 64 180 111 151 247 235 37 182 66 156 82 248 193 17 171 55 220 120 173 125 121 50 72 15 53 229 91 181 54 234 168 92 163 199 75 239 246 80 32 110 67 236 136 243 40 96 254 74 139 119 58 83 114 186 101 93 217 1
2 155 26 20 142 240 228 192 226 169 148 208 84 104 216 141 231 69 241 12 113 232 130 249 44 51 244 122 112 102 215 178 224 124 59 212 9 211 153 147 175 160 118 2
3 129 47 27 61 79 152 202 21 132 185 146 115 206 19 42 23 154 88 105 150 46 140 164 214 123 187 126 35 127 251 190 195 252 76 137 45 33 86 170 73 18 13 183 242 135 60 165 36 159 7 166 205 57 71 48 49 70 198 131 162 149 97 3
4 65 210 117 194 63 230 10 161 145 100 196 34 250 52 222 87 29 85 133 188 203 68 43 78 245 22 174 157 108 218 16 24 253 4

the actual costs is 195.788
