the best solution's fitness is 
438.039
the sequence of best solution is following
0 147 320 222 33 128 378 282 321 330 339 298 152 12 159 195 27 278 250 323 207 114 126 300 307 386 270 235 251 352 145 24 122 71 34 238 261 221 296 279 82 170 351 0
1 151 252 120 132 370 167 77 172 48 294 283 264 224 79 76 89 52 301 20 136 322 64 110 337 315 206 245 263 28 148 213 118 194 14 297 199 327 229 7 46 374 253 75 236 55 318 317 210 212 243 43 226 325 143 193 56 190 231 277 135 348 185 265 174 340 9 356 248 70 105 129 369 347 399 384 142 225 163 324 230 10 8 92 183 385 26 326 309 179 87 91 115 181 354 176 44 244 204 363 275 281 259 313 111 188 84 268 191 1
2 80 311 387 175 292 357 227 117 198 192 137 180 288 81 219 361 208 154 345 209 305 200 78 11 232 177 388 344 266 158 303 162 88 328 332 6 346 269 53 102 395 299 19 119 377 389 153 383 15 335 234 40 197 331 109 146 306 218 131 138 2
3 139 287 355 372 168 171 66 397 161 255 112 121 173 220 390 353 17 223 32 271 376 289 98 260 127 97 85 286 256 140 124 157 39 249 215 302 338 156 239 141 125 21 233 285 99 144 95 201 373 186 104 349 86 319 123 69 68 304 57 108 341 130 101 3
4 149 45 295 13 375 67 50 134 22 184 90 54 155 329 310 382 30 205 365 276 228 73 359 35 42 178 398 29 133 107 62 247 391 96 16 246 284 203 74 360 396 394 211 166 258 366 5 31 160 189 350 94 47 116 273 334 267 314 164 290 65 106 58 150 100 291 187 368 59 380 113 49 240 343 312 280 362 393 214 392 36 272 367 358 242 25 262 61 51 93 254 364 342 371 63 381 18 169 38 274 257 103 165 83 23 336 37 217 237 241 202 72 182 333 308 196 379 41 316 216 293 60 4

the actual costs is 438.039
