the best solution's fitness is 
237.959
the sequence of best solution is following
0 182 484 462 208 172 289 312 3 429 435 440 205 311 481 105 425 486 353 277 226 437 255 26 79 339 223 264 390 206 104 131 493 492 467 327 25 497 137 244 343 297 490 36 500 418 359 422 5 257 142 76 248 294 176 449 361 160 494 386 209 448 465 15 232 238 495 443 234 474 335 298 245 282 59 200 181 17 389 241 74 0
0 190 469 374 301 331 212 77 139 360 300 325 415 280 189 485 111 70 480 290 471 83 317 401 239 73 213 475 313 272 211 225 184 14 71 231 150 426 218 457 54 69 177 326 170 102 99 116 347 168 383 370 451 285 362 155 329 407 460 292 22 392 243 101 250 472 423 113 352 452 444 55 37 276 75 169 384 159 340 28 306 0
1 56 281 183 222 447 366 316 219 476 394 47 66 463 193 351 132 143 228 174 265 167 123 483 295 165 180 368 456 42 128 90 445 118 337 404 82 441 251 430 455 434 381 247 217 44 320 220 385 134 38 108 498 406 196 140 319 92 346 403 400 1
1 414 321 253 258 307 409 93 141 235 405 18 413 342 501 254 310 446 344 376 356 214 84 53 65 375 283 372 129 51 377 477 230 261 259 336 197 308 303 288 396 227 153 302 373 428 60 499 237 349 122 87 284 91 412 309 410 473 341 100 178 68 416 210 275 173 20 85 491 33 130 147 21 16 61 81 30 393 371 58 365 221 322 229 304 204 179 31 52 338 13 421 115 188 97 270 96 357 487 488 1
2 279 355 127 479 242 364 328 156 252 236 453 175 125 124 431 119 274 246 207 138 72 367 502 194 103 287 470 334 78 112 32 267 49 266 391 135 424 199 330 158 387 146 46 24 154 489 126 45 273 7 41 419 450 35 369 408 86 461 358 268 6 198 162 363 110 106 496 249 88 345 29 67 144 482 19 286 40 161 133 417 145 468 224 439 216 34 27 332 95 157 2
2 293 262 23 291 39 378 10 195 388 187 350 436 420 478 382 397 171 191 164 48 399 438 149 50 185 314 233 121 432 9 89 278 64 323 148 4 186 442 62 433 109 260 271 98 43 427 296 136 8 63 324 152 379 203 94 114 201 256 454 402 459 333 305 395 107 151 166 120 464 11 263 192 411 348 380 163 398 315 57 80 202 466 458 240 117 318 354 215 12 299 269 2

the actual costs is 237.959
