the best solution's fitness is 
299.751
the sequence of best solution is following
0 201 313 77 85 151 311 23 386 68 376 369 259 347 98 56 66 267 239 340 20 54 118 158 16 214 310 64 192 373 317 348 245 367 285 397 219 398 45 202 336 363 30 247 114 372 277 41 362 232 165 36 10 371 297 180 392 316 0
1 356 152 166 175 104 290 26 130 244 254 44 162 291 39 76 261 145 129 220 307 335 326 100 325 378 354 91 173 293 1
2 286 251 116 318 264 137 375 125 257 156 89 193 289 79 365 216 171 263 273 196 355 99 52 194 122 339 272 319 169 295 70 111 155 63 86 176 71 324 128 74 377 73 360 309 62 292 278 121 113 346 135 94 81 84 229 269 288 299 53 177 172 82 2
3 149 383 238 287 161 343 344 303 157 17 164 200 32 328 305 312 391 357 256 240 275 119 131 212 255 283 133 38 227 3
4 15 235 329 168 230 147 389 141 69 327 115 342 211 250 268 33 322 323 60 241 80 140 353 190 270 14 345 179 282 236 215 217 195 61 198 148 361 253 75 110 134 231 330 248 48 374 352 13 97 390 188 314 186 49 181 120 4
5 124 24 304 351 11 132 265 103 337 333 167 163 349 382 394 388 5
6 144 106 57 306 25 320 153 218 123 199 19 191 109 302 204 332 234 12 51 379 258 206 260 117 126 178 358 225 395 271 308 274 58 107 393 182 237 83 205 385 296 142 197 203 6
7 224 87 284 301 146 226 266 243 90 102 294 381 276 37 93 228 22 350 159 213 366 105 185 7
8 21 101 208 252 396 78 364 47 40 160 183 34 67 112 138 384 399 338 187 143 136 223 174 43 279 262 108 170 88 28 341 42 222 242 246 207 298 221 46 321 154 65 50 300 18 380 72 55 139 27 189 95 59 334 315 35 210 387 370 233 281 280 368 209 249 359 31 331 184 92 96 8
9 127 150 29 9

the actual costs is 299.751
