the best solution's fitness is 
203.585
the sequence of best solution is following
0 10 150 72 98 197 78 106 31 107 44 59 160 37 143 79 149 81 186 161 32 191 60 159 187 185 136 71 16 49 129 145 182 63 77 126 12 52 89 199 174 0
0 167 116 156 201 173 24 193 23 97 53 92 28 67 108 68 122 51 33 65 151 128 35 13 75 134 155 172 36 140 184 180 141 38 101 70 113 130 83 104 114 169 0
1 3 90 157 177 154 64 195 139 85 194 50 7 138 46 86 27 99 54 158 192 57 93 26 1
1 196 132 131 105 69 58 48 5 121 115 19 135 62 175 34 147 14 56 178 200 41 11 165 109 22 163 15 133 111 120 142 189 110 42 1
2 168 84 55 176 102 47 6 153 39 146 95 9 80 118 148 45 82 66 164 91 8 162 21 190 171 96 152 127 112 94 2
2 181 198 18 43 88 179 87 30 76 188 40 117 20 124 17 123 183 100 73 202 166 74 29 25 125 119 137 170 144 61 4 103 2

the actual costs is 203.585
